[
    {
        "jmhVersion" : "1.20",
        "benchmark" : "rpg.bench.ColdBenchmark.basic",
        "mode" : "ss",
        "threads" : 1,
        "forks" : 1,
        "jvm" : "/usr/lib/jvm/java-8-oracle/jre/bin/java",
        "jvmArgs" : [
            "-Xms2G",
            "-Xmx2G"
        ],
        "jdkVersion" : "1.8.0_121",
        "vmVersion" : "25.121-b13",
        "warmupIterations" : 0,
        "warmupTime" : "single-shot",
        "warmupBatchSize" : 1,
        "measurementIterations" : 200,
        "measurementTime" : "single-shot",
        "measurementBatchSize" : 1,
        "primaryMetric" : {
            "score" : 3.429930000000001,
            "scoreError" : 2.9059764111989983,
            "scoreConfidence" : [
                0.5239535888010027,
                6.335906411199
            ],
            "scorePercentiles" : {
                "0.0" : 0.866,
                "50.0" : 1.5154999999999998,
                "90.0" : 4.1569,
                "95.0" : 7.110849999999983,
                "99.0" : 26.073230000000013,
                "99.9" : 170.909,
                "99.99" : 170.909,
                "99.999" : 170.909,
                "99.9999" : 170.909,
                "100.0" : 170.909
            },
            "scoreUnit" : "us/op",
            "rawData" : [
                [
                    170.909,
                    7.183,
                    5.369,
                    3.53,
                    3.811,
                    3.365,
                    3.468,
                    3.465,
                    3.004,
                    5.657,
                    4.138,
                    4.409,
                    7.713,
                    3.683,
                    3.058,
                    4.159,
                    4.068,
                    3.734,
                    3.443,
                    3.08,
                    3.609,
                    3.107,
                    3.561,
                    4.24,
                    3.575,
                    5.74,
                    3.6,
                    3.484,
                    4.404,
                    3.499,
                    3.587,
                    8.212,
                    3.062,
                    2.866,
                    3.391,
                    3.355,
                    3.716,
                    3.252,
                    9.788,
                    4.285,
                    3.316,
                    3.036,
                    8.279,
                    3.09,
                    2.957,
                    2.82,
                    2.935,
                    2.972,
                    2.891,
                    2.89,
                    3.898,
                    26.087,
                    4.042,
                    3.246,
                    3.09,
                    3.069,
                    2.963,
                    3.085,
                    3.27,
                    3.168,
                    3.13,
                    3.033,
                    2.925,
                    3.483,
                    2.926,
                    2.93,
                    2.966,
                    2.97,
                    3.088,
                    2.973,
                    2.984,
                    2.902,
                    2.99,
                    3.031,
                    2.979,
                    4.273,
                    4.827,
                    3.49,
                    3.538,
                    24.71,
                    1.347,
                    1.09,
                    0.936,
                    1.051,
                    0.978,
                    1.032,
                    1.942,
                    1.518,
                    1.272,
                    1.983,
                    1.175,
                    1.1,
                    1.471,
                    1.103,
                    0.987,
                    0.988,
                    0.982,
                    0.971,
                    1.006,
                    0.999,
                    0.879,
                    0.878,
                    1.513,
                    1.165,
                    1.013,
                    1.081,
                    1.245,
                    1.017,
                    1.03,
                    1.014,
                    1.103,
                    1.016,
                    0.958,
                    1.003,
                    1.003,
                    0.985,
                    0.999,
                    0.976,
                    0.995,
                    1.036,
                    1.028,
                    0.997,
                    1.055,
                    1.032,
                    1.413,
                    1.976,
                    1.947,
                    17.844,
                    1.264,
                    1.297,
                    0.997,
                    0.968,
                    1.013,
                    1.509,
                    1.383,
                    1.454,
                    2.542,
                    1.232,
                    1.048,
                    1.188,
                    1.033,
                    1.023,
                    1.031,
                    1.875,
                    1.17,
                    1.138,
                    1.002,
                    0.909,
                    0.978,
                    0.946,
                    0.927,
                    0.903,
                    0.866,
                    2.231,
                    0.937,
                    0.908,
                    0.901,
                    0.91,
                    0.937,
                    0.967,
                    1.022,
                    1.311,
                    1.46,
                    1.377,
                    1.381,
                    1.643,
                    1.404,
                    1.051,
                    1.004,
                    0.996,
                    0.953,
                    1.126,
                    0.977,
                    0.991,
                    1.138,
                    0.979,
                    0.94,
                    0.968,
                    1.102,
                    0.947,
                    0.981,
                    0.92,
                    0.892,
                    1.09,
                    1.669,
                    1.026,
                    0.942,
                    0.901,
                    0.897,
                    1.318,
                    1.139,
                    15.588,
                    1.656,
                    1.801,
                    1.675,
                    1.575,
                    1.59,
                    1.813,
                    1.715,
                    1.578
                ]
            ]
        },
        "secondaryMetrics" : {
        }
    },
    {
        "jmhVersion" : "1.20",
        "benchmark" : "rpg.bench.ColdBenchmark.cake",
        "mode" : "ss",
        "threads" : 1,
        "forks" : 1,
        "jvm" : "/usr/lib/jvm/java-8-oracle/jre/bin/java",
        "jvmArgs" : [
            "-Xms2G",
            "-Xmx2G"
        ],
        "jdkVersion" : "1.8.0_121",
        "vmVersion" : "25.121-b13",
        "warmupIterations" : 0,
        "warmupTime" : "single-shot",
        "warmupBatchSize" : 1,
        "measurementIterations" : 200,
        "measurementTime" : "single-shot",
        "measurementBatchSize" : 1,
        "primaryMetric" : {
            "score" : 3.956495000000001,
            "scoreError" : 0.9395792980067615,
            "scoreConfidence" : [
                3.0169157019932396,
                4.896074298006763
            ],
            "scorePercentiles" : {
                "0.0" : 0.997,
                "50.0" : 4.247999999999999,
                "90.0" : 5.4563,
                "95.0" : 7.7577499999999935,
                "99.0" : 27.263270000000034,
                "99.9" : 40.304,
                "99.99" : 40.304,
                "99.999" : 40.304,
                "99.9999" : 40.304,
                "100.0" : 40.304
            },
            "scoreUnit" : "us/op",
            "rawData" : [
                [
                    40.304,
                    8.909,
                    6.843,
                    5.428,
                    5.187,
                    6.427,
                    4.58,
                    5.459,
                    4.262,
                    4.329,
                    4.385,
                    4.449,
                    7.786,
                    4.186,
                    4.014,
                    5.244,
                    4.609,
                    4.216,
                    4.071,
                    4.668,
                    5.977,
                    4.363,
                    4.318,
                    4.318,
                    4.359,
                    5.432,
                    4.263,
                    4.201,
                    4.302,
                    4.293,
                    4.234,
                    8.75,
                    4.552,
                    4.427,
                    4.402,
                    4.44,
                    4.52,
                    5.013,
                    6.603,
                    4.42,
                    4.291,
                    5.001,
                    11.114,
                    4.396,
                    4.33,
                    4.404,
                    4.224,
                    5.338,
                    4.29,
                    4.346,
                    4.284,
                    27.301,
                    6.783,
                    6.555,
                    5.109,
                    5.277,
                    4.607,
                    4.473,
                    4.485,
                    4.28,
                    4.362,
                    4.299,
                    4.229,
                    5.408,
                    4.697,
                    4.38,
                    4.395,
                    4.316,
                    4.568,
                    4.847,
                    4.747,
                    4.481,
                    4.329,
                    4.374,
                    4.384,
                    4.584,
                    5.69,
                    4.494,
                    4.51,
                    4.362,
                    4.432,
                    4.711,
                    4.588,
                    4.525,
                    4.58,
                    5.061,
                    4.523,
                    4.41,
                    4.533,
                    10.312,
                    4.561,
                    4.465,
                    4.404,
                    4.545,
                    4.58,
                    4.776,
                    4.506,
                    4.431,
                    4.635,
                    9.878,
                    3.274,
                    3.061,
                    6.826,
                    4.645,
                    3.562,
                    3.324,
                    3.2,
                    3.274,
                    3.065,
                    3.159,
                    3.142,
                    3.056,
                    3.114,
                    2.931,
                    3.057,
                    5.065,
                    3.394,
                    23.528,
                    7.221,
                    1.448,
                    1.161,
                    1.136,
                    1.131,
                    1.093,
                    1.147,
                    1.466,
                    1.306,
                    5.332,
                    1.505,
                    1.227,
                    1.285,
                    1.122,
                    1.146,
                    1.113,
                    1.053,
                    1.046,
                    2.226,
                    1.946,
                    1.397,
                    1.934,
                    2.165,
                    2.092,
                    1.924,
                    1.861,
                    1.918,
                    1.868,
                    2.015,
                    1.906,
                    1.822,
                    1.945,
                    1.992,
                    1.967,
                    1.868,
                    4.288,
                    1.894,
                    1.806,
                    1.779,
                    1.622,
                    1.804,
                    1.835,
                    1.872,
                    1.817,
                    1.734,
                    1.755,
                    1.811,
                    1.583,
                    1.368,
                    1.181,
                    1.138,
                    1.179,
                    1.526,
                    1.115,
                    1.088,
                    1.106,
                    1.073,
                    1.074,
                    1.024,
                    1.027,
                    1.184,
                    1.075,
                    1.252,
                    1.172,
                    1.087,
                    1.06,
                    1.131,
                    0.997,
                    1.023,
                    1.519,
                    1.885,
                    15.267,
                    1.834,
                    1.914,
                    1.9,
                    1.794,
                    1.743,
                    1.875,
                    1.779,
                    1.83,
                    1.947,
                    1.728
                ]
            ]
        },
        "secondaryMetrics" : {
        }
    },
    {
        "jmhVersion" : "1.20",
        "benchmark" : "rpg.bench.ColdBenchmark.cake2",
        "mode" : "ss",
        "threads" : 1,
        "forks" : 1,
        "jvm" : "/usr/lib/jvm/java-8-oracle/jre/bin/java",
        "jvmArgs" : [
            "-Xms2G",
            "-Xmx2G"
        ],
        "jdkVersion" : "1.8.0_121",
        "vmVersion" : "25.121-b13",
        "warmupIterations" : 0,
        "warmupTime" : "single-shot",
        "warmupBatchSize" : 1,
        "measurementIterations" : 200,
        "measurementTime" : "single-shot",
        "measurementBatchSize" : 1,
        "primaryMetric" : {
            "score" : 4.396464999999999,
            "scoreError" : 1.4425279725798887,
            "scoreConfidence" : [
                2.9539370274201104,
                5.838992972579888
            ],
            "scorePercentiles" : {
                "0.0" : 1.028,
                "50.0" : 2.423,
                "90.0" : 7.2323,
                "95.0" : 10.525399999999989,
                "99.0" : 45.71959000000014,
                "99.9" : 61.828,
                "99.99" : 61.828,
                "99.999" : 61.828,
                "99.9999" : 61.828,
                "100.0" : 61.828
            },
            "scoreUnit" : "us/op",
            "rawData" : [
                [
                    45.868,
                    10.577,
                    7.108,
                    7.528,
                    7.217,
                    6.87,
                    6.909,
                    7.057,
                    6.697,
                    7.086,
                    7.099,
                    6.98,
                    16.546,
                    6.879,
                    6.756,
                    7.693,
                    7.839,
                    6.909,
                    6.601,
                    7.234,
                    7.69,
                    8.075,
                    9.545,
                    5.83,
                    4.959,
                    7.689,
                    5.206,
                    5.17,
                    5.28,
                    4.946,
                    5.091,
                    12.798,
                    4.812,
                    4.931,
                    5.867,
                    4.758,
                    4.514,
                    4.45,
                    5.723,
                    4.524,
                    4.588,
                    5.575,
                    13.911,
                    4.478,
                    4.289,
                    4.418,
                    4.545,
                    4.41,
                    4.354,
                    4.223,
                    4.268,
                    31.027,
                    5.135,
                    4.925,
                    4.81,
                    4.374,
                    4.352,
                    4.526,
                    4.443,
                    4.445,
                    4.582,
                    4.649,
                    4.58,
                    9.528,
                    5.409,
                    5.891,
                    4.5,
                    4.474,
                    4.576,
                    6.079,
                    5.049,
                    4.989,
                    5.936,
                    6.06,
                    5.987,
                    7.275,
                    10.898,
                    6.758,
                    12.049,
                    4.58,
                    4.146,
                    3.499,
                    3.29,
                    4.874,
                    5.128,
                    5.162,
                    5.021,
                    61.828,
                    17.837,
                    2.392,
                    2.048,
                    2.056,
                    2.045,
                    2.313,
                    1.921,
                    2.255,
                    1.582,
                    2.182,
                    2.264,
                    2.487,
                    2.275,
                    2.227,
                    2.727,
                    2.425,
                    2.617,
                    1.297,
                    1.166,
                    1.148,
                    2.056,
                    1.32,
                    1.091,
                    1.083,
                    1.098,
                    1.092,
                    1.922,
                    2.048,
                    1.939,
                    1.994,
                    1.911,
                    2.124,
                    2.089,
                    1.939,
                    1.943,
                    2.049,
                    1.828,
                    2.78,
                    2.533,
                    6.374,
                    2.189,
                    2.421,
                    1.798,
                    2.033,
                    1.459,
                    1.376,
                    1.991,
                    1.181,
                    1.75,
                    1.493,
                    1.522,
                    6.742,
                    2.627,
                    2.081,
                    1.953,
                    2.04,
                    1.973,
                    1.765,
                    1.789,
                    1.963,
                    1.769,
                    1.871,
                    2.079,
                    1.911,
                    1.539,
                    3.484,
                    1.195,
                    1.186,
                    1.083,
                    1.075,
                    1.05,
                    1.468,
                    1.761,
                    1.421,
                    1.902,
                    1.358,
                    1.239,
                    1.317,
                    2.478,
                    2.113,
                    1.332,
                    1.346,
                    1.689,
                    1.224,
                    1.12,
                    1.106,
                    1.055,
                    1.091,
                    1.103,
                    1.088,
                    1.109,
                    1.028,
                    1.175,
                    1.087,
                    1.044,
                    1.072,
                    1.092,
                    1.082,
                    1.072,
                    1.043,
                    1.099,
                    2.21,
                    1.974,
                    1.976,
                    1.977,
                    1.916,
                    2.052,
                    2.08,
                    2.129,
                    2.208,
                    2.168,
                    1.42
                ]
            ]
        },
        "secondaryMetrics" : {
        }
    },
    {
        "jmhVersion" : "1.20",
        "benchmark" : "rpg.bench.ColdBenchmark.ooo",
        "mode" : "ss",
        "threads" : 1,
        "forks" : 1,
        "jvm" : "/usr/lib/jvm/java-8-oracle/jre/bin/java",
        "jvmArgs" : [
            "-Xms2G",
            "-Xmx2G"
        ],
        "jdkVersion" : "1.8.0_121",
        "vmVersion" : "25.121-b13",
        "warmupIterations" : 0,
        "warmupTime" : "single-shot",
        "warmupBatchSize" : 1,
        "measurementIterations" : 200,
        "measurementTime" : "single-shot",
        "measurementBatchSize" : 1,
        "primaryMetric" : {
            "score" : 4.823665000000002,
            "scoreError" : 4.715090914209645,
            "scoreConfidence" : [
                0.10857408579035699,
                9.538755914209647
            ],
            "scorePercentiles" : {
                "0.0" : 1.861,
                "50.0" : 2.8310000000000004,
                "90.0" : 3.5223000000000004,
                "95.0" : 4.375799999999999,
                "99.0" : 58.38411000000015,
                "99.9" : 276.611,
                "99.99" : 276.611,
                "99.999" : 276.611,
                "99.9999" : 276.611,
                "100.0" : 276.611
            },
            "scoreUnit" : "us/op",
            "rawData" : [
                [
                    42.456,
                    10.512,
                    5.565,
                    3.819,
                    3.368,
                    4.92,
                    4.296,
                    3.917,
                    4.38,
                    3.081,
                    2.962,
                    2.988,
                    2.833,
                    2.594,
                    2.553,
                    2.946,
                    2.678,
                    2.606,
                    2.445,
                    2.474,
                    2.549,
                    7.048,
                    2.727,
                    2.599,
                    2.584,
                    2.649,
                    2.492,
                    2.624,
                    2.706,
                    2.548,
                    3.0,
                    2.711,
                    2.68,
                    2.668,
                    2.744,
                    2.669,
                    2.63,
                    2.632,
                    2.555,
                    2.504,
                    2.46,
                    2.522,
                    2.276,
                    2.248,
                    2.253,
                    2.297,
                    2.239,
                    2.269,
                    2.21,
                    3.337,
                    2.48,
                    2.444,
                    2.42,
                    2.393,
                    2.475,
                    2.344,
                    2.227,
                    2.251,
                    2.295,
                    2.207,
                    2.226,
                    2.307,
                    2.238,
                    8.349,
                    2.357,
                    2.169,
                    2.195,
                    2.264,
                    2.303,
                    2.249,
                    2.437,
                    58.545,
                    3.415,
                    2.479,
                    3.167,
                    3.153,
                    3.331,
                    2.9,
                    2.49,
                    2.344,
                    2.494,
                    2.511,
                    2.488,
                    2.363,
                    2.466,
                    2.488,
                    3.068,
                    3.168,
                    3.367,
                    2.478,
                    2.335,
                    2.207,
                    2.359,
                    3.453,
                    3.438,
                    2.674,
                    3.273,
                    3.39,
                    3.159,
                    3.402,
                    3.403,
                    3.216,
                    3.388,
                    2.942,
                    3.129,
                    3.102,
                    3.048,
                    3.098,
                    2.912,
                    2.206,
                    2.21,
                    2.195,
                    2.985,
                    2.876,
                    2.978,
                    3.032,
                    3.14,
                    2.4,
                    2.871,
                    2.497,
                    2.829,
                    2.932,
                    2.591,
                    2.475,
                    2.279,
                    2.404,
                    2.229,
                    20.519,
                    4.256,
                    4.041,
                    3.547,
                    3.348,
                    3.866,
                    3.48,
                    2.816,
                    2.933,
                    3.527,
                    3.1,
                    2.882,
                    2.85,
                    3.021,
                    2.979,
                    2.923,
                    2.84,
                    2.704,
                    2.951,
                    2.9,
                    3.044,
                    3.008,
                    2.844,
                    3.189,
                    3.119,
                    2.974,
                    3.174,
                    3.004,
                    3.103,
                    2.464,
                    2.094,
                    2.046,
                    3.15,
                    2.974,
                    2.383,
                    3.188,
                    3.094,
                    276.611,
                    3.34,
                    3.071,
                    2.921,
                    3.073,
                    2.643,
                    4.227,
                    3.005,
                    2.997,
                    2.33,
                    2.391,
                    2.249,
                    2.016,
                    2.003,
                    2.097,
                    1.861,
                    1.956,
                    2.309,
                    2.095,
                    2.078,
                    1.863,
                    1.981,
                    2.441,
                    2.703,
                    2.972,
                    3.172,
                    3.183,
                    3.861,
                    3.099,
                    2.981,
                    2.979,
                    2.922,
                    3.01,
                    2.913,
                    2.881,
                    2.939
                ]
            ]
        },
        "secondaryMetrics" : {
        }
    },
    {
        "jmhVersion" : "1.20",
        "benchmark" : "rpg.bench.ColdBenchmark.typeclass",
        "mode" : "ss",
        "threads" : 1,
        "forks" : 1,
        "jvm" : "/usr/lib/jvm/java-8-oracle/jre/bin/java",
        "jvmArgs" : [
            "-Xms2G",
            "-Xmx2G"
        ],
        "jdkVersion" : "1.8.0_121",
        "vmVersion" : "25.121-b13",
        "warmupIterations" : 0,
        "warmupTime" : "single-shot",
        "warmupBatchSize" : 1,
        "measurementIterations" : 200,
        "measurementTime" : "single-shot",
        "measurementBatchSize" : 1,
        "primaryMetric" : {
            "score" : 860.1956849999997,
            "scoreError" : 2854.3019475153037,
            "scoreConfidence" : [
                -1994.106262515304,
                3714.4976325153034
            ],
            "scorePercentiles" : {
                "0.0" : 3.364,
                "50.0" : 4.513,
                "90.0" : 6.9036,
                "95.0" : 17.735849999999996,
                "99.0" : 31.580290000000062,
                "99.9" : 170917.483,
                "99.99" : 170917.483,
                "99.999" : 170917.483,
                "99.9999" : 170917.483,
                "100.0" : 170917.483
            },
            "scoreUnit" : "us/op",
            "rawData" : [
                [
                    170917.483,
                    11.747,
                    6.627,
                    5.548,
                    5.0,
                    4.959,
                    4.699,
                    6.128,
                    5.001,
                    4.974,
                    4.784,
                    5.048,
                    6.129,
                    5.005,
                    5.997,
                    5.343,
                    6.743,
                    6.685,
                    6.425,
                    4.806,
                    4.579,
                    4.573,
                    4.686,
                    5.912,
                    6.38,
                    6.169,
                    4.461,
                    4.592,
                    4.601,
                    4.523,
                    4.435,
                    9.743,
                    4.524,
                    4.498,
                    4.702,
                    5.158,
                    5.106,
                    5.15,
                    6.81,
                    4.928,
                    4.591,
                    4.616,
                    24.778,
                    4.571,
                    4.505,
                    4.712,
                    4.444,
                    4.702,
                    5.04,
                    4.449,
                    18.554,
                    6.914,
                    4.444,
                    4.377,
                    4.38,
                    4.371,
                    4.462,
                    4.464,
                    4.452,
                    4.375,
                    4.361,
                    4.531,
                    4.511,
                    8.599,
                    4.458,
                    4.461,
                    17.753,
                    19.514,
                    4.445,
                    4.42,
                    4.373,
                    19.66,
                    4.752,
                    4.645,
                    4.728,
                    4.978,
                    9.747,
                    4.678,
                    4.418,
                    4.522,
                    4.414,
                    4.075,
                    17.41,
                    4.14,
                    4.117,
                    4.175,
                    4.129,
                    4.037,
                    4.027,
                    3.952,
                    3.996,
                    4.173,
                    4.158,
                    4.691,
                    4.121,
                    4.038,
                    4.063,
                    4.14,
                    3.969,
                    4.077,
                    3.922,
                    3.975,
                    3.973,
                    3.914,
                    3.912,
                    3.822,
                    4.06,
                    18.773,
                    5.038,
                    3.984,
                    3.984,
                    4.092,
                    3.962,
                    4.06,
                    4.066,
                    3.894,
                    3.903,
                    3.838,
                    19.108,
                    4.059,
                    3.739,
                    3.908,
                    3.872,
                    3.905,
                    18.566,
                    4.005,
                    4.022,
                    31.649,
                    4.307,
                    4.135,
                    4.056,
                    3.915,
                    4.062,
                    4.024,
                    4.042,
                    3.962,
                    5.916,
                    5.996,
                    6.183,
                    6.328,
                    5.734,
                    5.976,
                    6.128,
                    5.711,
                    5.588,
                    5.811,
                    5.516,
                    5.592,
                    5.74,
                    5.654,
                    5.594,
                    5.589,
                    5.767,
                    12.948,
                    5.725,
                    5.635,
                    10.273,
                    7.674,
                    5.916,
                    5.399,
                    5.665,
                    10.407,
                    5.572,
                    6.279,
                    5.425,
                    4.665,
                    5.031,
                    5.522,
                    5.32,
                    5.612,
                    4.388,
                    3.813,
                    3.665,
                    3.64,
                    3.568,
                    3.561,
                    3.607,
                    3.536,
                    3.549,
                    3.561,
                    3.491,
                    3.364,
                    3.519,
                    3.463,
                    3.536,
                    3.476,
                    3.552,
                    3.579,
                    3.449,
                    3.466,
                    3.481,
                    4.428,
                    3.573,
                    3.547,
                    3.457,
                    3.551,
                    4.515,
                    3.724,
                    3.617,
                    3.744
                ]
            ]
        },
        "secondaryMetrics" : {
        }
    }
]


